[gd_scene load_steps=9 format=2]

[ext_resource path="res://Sprites/SwatShotgun/SwatShotgun/SPRITES/spafa0.png" type="Texture" id=1]
[ext_resource path="res://Sprites/SwatShotgun/SwatShotgun/SPRITES/spafc0.png" type="Texture" id=2]
[ext_resource path="res://Sprites/SwatShotgun/SwatShotgun/SPRITES/spasa0.png" type="Texture" id=3]
[ext_resource path="res://Sprites/SwatShotgun/SwatShotgun/SPRITES/spasc0.png" type="Texture" id=4]
[ext_resource path="res://Sprites/SwatShotgun/SwatShotgun/SPRITES/spafb0.png" type="Texture" id=5]
[ext_resource path="res://Scenes/Shotgun.gd" type="Script" id=6]
[ext_resource path="res://Sprites/SwatShotgun/SwatShotgun/SPRITES/spasb0.png" type="Texture" id=7]

[sub_resource type="SpriteFrames" id=1]
animations = [ {
"frames": [ ExtResource( 5 ) ],
"loop": true,
"name": "idle",
"speed": 5.0
}, {
"frames": [ ExtResource( 1 ), ExtResource( 5 ), ExtResource( 2 ), ExtResource( 3 ), ExtResource( 7 ), ExtResource( 7 ), ExtResource( 4 ), ExtResource( 3 ), ExtResource( 3 ), ExtResource( 3 ) ],
"loop": true,
"name": "shoot",
"speed": 12.0
} ]

[node name="Shotgun" type="Spatial"]
script = ExtResource( 6 )

[node name="CanvasLayer" type="CanvasLayer" parent="."]

[node name="Control" type="Control" parent="CanvasLayer"]
anchor_left = 1.0
anchor_top = 1.0
anchor_right = 1.0
anchor_bottom = 1.0
margin_left = -40.0
margin_top = -40.0

[node name="GunSprite" type="AnimatedSprite" parent="CanvasLayer/Control"]
position = Vector2( -154, 37 )
rotation = 3.14159
scale = Vector2( 2.09503, 2.10182 )
frames = SubResource( 1 )
animation = "shoot"
centered = false
flip_h = true
flip_v = true

[node name="GunRays" type="Spatial" parent="."]

[node name="RayCast" type="RayCast" parent="GunRays"]
transform = Transform( 1, 0, 0, 0, 0.997801, -0.0662739, 0, 0.0662739, 0.997801, 0, 0, 0 )
enabled = true
cast_to = Vector3( 0, 0, -20 )

[node name="RayCast2" type="RayCast" parent="GunRays"]
transform = Transform( 1, 0, 0, 0, 0.997564, -0.0697565, 0, 0.0697565, 0.997564, 0, 0, 0 )
enabled = true
cast_to = Vector3( 0, 0, -10 )

[node name="RayCast3" type="RayCast" parent="GunRays"]
transform = Transform( 0.993961, 0, 0.109734, 0, 1, 0, -0.109734, 0, 0.993961, 0, 0, 0 )
enabled = true
cast_to = Vector3( 0, 0, -15 )

[node name="RayCast4" type="RayCast" parent="GunRays"]
transform = Transform( 0.994522, 0, -0.104528, 0, 1, 0, 0.104528, 0, 0.994522, 0, 0, 0 )
enabled = true
cast_to = Vector3( 0, 0, -10 )

[node name="RayCast5" type="RayCast" parent="GunRays"]
transform = Transform( 0.998342, 0.00200896, -0.057529, 0, 0.999391, 0.0348995, 0.057564, -0.0348416, 0.997734, 0, 0, 0 )
enabled = true
cast_to = Vector3( 0, 0, -20 )

[node name="RayCast6" type="RayCast" parent="GunRays"]
transform = Transform( 0.993572, -0.0053326, 0.113078, 0, 0.99889, 0.0471065, -0.113203, -0.0468036, 0.992469, 0, 0, 0 )
enabled = true
cast_to = Vector3( 0, 0, -10 )

[node name="RayCast7" type="RayCast" parent="GunRays"]
transform = Transform( 0.997916, -0.00674546, -0.0641788, 0, 0.994522, -0.104528, 0.0645323, 0.104311, 0.992449, 0, 0, 0 )
enabled = true
cast_to = Vector3( 0, 0, -15 )

[node name="RayCast8" type="RayCast" parent="GunRays"]
enabled = true
cast_to = Vector3( 0, 0, -10 )
